20
0.0 0.0 170.0 132.0 142.0 135.0 187.0 128.0 95.0 51.0 164.0 90.0 81.0 129.0 99.0 20.0 118.0 98.0 128.0 32.0
0.0 0.0 30.0 157.0 104.0 109.0 82.0 38.0 99.0 68.0 6.0 84.0 102.0 128.0 84.0 71.0 15.0 51.0 122.0 79.0
170.0 30.0 0.0 171.0 165.0 125.0 160.0 142.0 153.0 128.0 49.0 12.0 160.0 124.0 24.0 132.0 122.0 85.0 8.0 129.0
132.0 157.0 171.0 0.0 156.0 148.0 120.0 47.0 92.0 70.0 83.0 157.0 124.0 81.0 84.0 78.0 76.0 120.0 99.0 32.0
142.0 104.0 165.0 156.0 0.0 103.0 181.0 173.0 148.0 122.0 126.0 113.0 152.0 150.0 47.0 56.0 113.0 115.0 77.0 50.0
135.0 109.0 125.0 148.0 103.0 0.0 121.0 46.0 25.0 179.0 68.0 112.0 89.0 109.0 142.0 135.0 35.0 40.0 115.0 18.0
187.0 82.0 160.0 120.0 181.0 121.0 0.0 74.0 83.0 48.0 44.0 116.0 152.0 67.0 38.0 85.0 18.0 65.0 147.0 64.0
128.0 38.0 142.0 47.0 173.0 46.0 74.0 0.0 102.0 81.0 58.0 34.0 122.0 146.0 107.0 58.0 105.0 64.0 69.0 83.0
95.0 99.0 153.0 92.0 148.0 25.0 83.0 102.0 0.0 121.0 155.0 92.0 59.0 9.0 54.0 51.0 28.0 43.0 19.0 119.0
51.0 68.0 128.0 70.0 122.0 179.0 48.0 81.0 121.0 0.0 94.0 22.0 0.0 114.0 28.0 15.0 127.0 175.0 127.0 93.0
164.0 6.0 49.0 83.0 126.0 68.0 44.0 58.0 155.0 94.0 0.0 111.0 14.0 28.0 64.0 73.0 92.0 40.0 132.0 152.0
90.0 84.0 12.0 157.0 113.0 112.0 116.0 34.0 92.0 22.0 111.0 0.0 133.0 29.0 89.0 104.0 93.0 95.0 83.0 102.0
81.0 102.0 160.0 124.0 152.0 89.0 152.0 122.0 59.0 0.0 14.0 133.0 0.0 24.0 121.0 17.0 71.0 77.0 62.0 25.0
129.0 128.0 124.0 81.0 150.0 109.0 67.0 146.0 9.0 114.0 28.0 29.0 24.0 0.0 118.0 92.0 57.0 58.0 84.0 81.0
99.0 84.0 24.0 84.0 47.0 142.0 38.0 107.0 54.0 28.0 64.0 89.0 121.0 118.0 0.0 114.0 86.0 90.0 98.0 52.0
20.0 71.0 132.0 78.0 56.0 135.0 85.0 58.0 51.0 15.0 73.0 104.0 17.0 92.0 114.0 0.0 95.0 88.0 56.0 131.0
118.0 15.0 122.0 76.0 113.0 35.0 18.0 105.0 28.0 127.0 92.0 93.0 71.0 57.0 86.0 95.0 0.0 63.0 125.0 187.0
98.0 51.0 85.0 120.0 115.0 40.0 65.0 64.0 43.0 175.0 40.0 95.0 77.0 58.0 90.0 88.0 63.0 0.0 116.0 53.0
128.0 122.0 8.0 99.0 77.0 115.0 147.0 69.0 19.0 127.0 132.0 83.0 62.0 84.0 98.0 56.0 125.0 116.0 0.0 89.0
32.0 79.0 129.0 32.0 50.0 18.0 64.0 83.0 119.0 93.0 152.0 102.0 25.0 81.0 52.0 131.0 187.0 53.0 89.0 0.0
0.0 134.0 122.0 96.0 32.0 101.0 158.0 52.0 28.0 33.0 109.0 105.0 87.0 61.0 130.0 132.0 37.0 95.0 83.0 95.0
134.0 0.0 61.0 91.0 3.0 4.0 117.0 172.0 132.0 56.0 21.0 31.0 34.0 97.0 72.0 0.0 141.0 163.0 123.0 106.0
122.0 61.0 0.0 0.0 41.0 43.0 105.0 100.0 107.0 92.0 96.0 52.0 135.0 57.0 103.0 60.0 126.0 131.0 91.0 89.0
96.0 91.0 0.0 0.0 57.0 169.0 166.0 40.0 21.0 40.0 84.0 85.0 146.0 39.0 87.0 51.0 81.0 79.0 96.0 23.0
32.0 3.0 41.0 57.0 0.0 167.0 88.0 72.0 18.0 78.0 101.0 96.0 192.0 124.0 163.0 10.0 133.0 140.0 74.0 189.0
101.0 4.0 43.0 169.0 167.0 0.0 82.0 105.0 12.0 121.0 93.0 111.0 57.0 65.0 56.0 145.0 51.0 137.0 76.0 164.0
158.0 117.0 105.0 166.0 88.0 82.0 0.0 132.0 5.0 170.0 40.0 170.0 90.0 27.0 62.0 95.0 15.0 123.0 29.0 84.0
52.0 172.0 100.0 40.0 72.0 105.0 132.0 0.0 115.0 138.0 66.0 147.0 136.0 150.0 49.0 102.0 104.0 104.0 111.0 76.0
28.0 132.0 107.0 21.0 18.0 12.0 5.0 115.0 0.0 19.0 125.0 152.0 12.0 5.0 91.0 51.0 152.0 30.0 109.0 154.0
33.0 56.0 92.0 40.0 78.0 121.0 170.0 138.0 19.0 0.0 55.0 166.0 56.0 128.0 54.0 92.0 132.0 88.0 135.0 93.0
109.0 21.0 96.0 84.0 101.0 93.0 40.0 66.0 125.0 55.0 0.0 88.0 103.0 60.0 72.0 90.0 58.0 71.0 159.0 101.0
105.0 31.0 52.0 85.0 96.0 111.0 170.0 147.0 152.0 166.0 88.0 0.0 125.0 60.0 100.0 39.0 96.0 3.0 99.0 93.0
87.0 34.0 135.0 146.0 192.0 57.0 90.0 136.0 12.0 56.0 103.0 125.0 0.0 136.0 82.0 50.0 84.0 34.0 88.0 41.0
61.0 97.0 57.0 39.0 124.0 65.0 27.0 150.0 5.0 128.0 60.0 60.0 136.0 0.0 98.0 147.0 95.0 128.0 111.0 28.0
130.0 72.0 103.0 87.0 163.0 56.0 62.0 49.0 91.0 54.0 72.0 100.0 82.0 98.0 0.0 95.0 164.0 43.0 132.0 94.0
132.0 0.0 60.0 51.0 10.0 145.0 95.0 102.0 51.0 92.0 90.0 39.0 50.0 147.0 95.0 0.0 22.0 72.0 57.0 64.0
37.0 141.0 126.0 81.0 133.0 51.0 15.0 104.0 152.0 132.0 58.0 96.0 84.0 95.0 164.0 22.0 0.0 107.0 0.0 97.0
95.0 163.0 131.0 79.0 140.0 137.0 123.0 104.0 30.0 88.0 71.0 3.0 34.0 128.0 43.0 72.0 107.0 0.0 101.0 129.0
83.0 123.0 91.0 96.0 74.0 76.0 29.0 111.0 109.0 135.0 159.0 99.0 88.0 111.0 132.0 57.0 0.0 101.0 0.0 131.0
95.0 106.0 89.0 23.0 189.0 164.0 84.0 76.0 154.0 93.0 101.0 93.0 41.0 28.0 94.0 64.0 97.0 129.0 131.0 0.0
