20
0.0 66.0 123.0 108.0 131.0 58.0 27.0 128.0 8.0 126.0 15.0 110.0 121.0 38.0 143.0 55.0 81.0 120.0 80.0 36.0
66.0 0.0 83.0 93.0 31.0 78.0 45.0 183.0 108.0 160.0 91.0 107.0 86.0 83.0 7.0 161.0 149.0 152.0 122.0 134.0
123.0 83.0 0.0 111.0 81.0 33.0 150.0 56.0 96.0 26.0 19.0 132.0 135.0 80.0 87.0 128.0 138.0 10.0 27.0 100.0
108.0 93.0 111.0 0.0 166.0 85.0 73.0 88.0 41.0 63.0 111.0 57.0 55.0 123.0 59.0 142.0 51.0 30.0 118.0 89.0
131.0 31.0 81.0 166.0 0.0 151.0 126.0 52.0 129.0 181.0 102.0 101.0 32.0 16.0 105.0 38.0 73.0 9.0 122.0 9.0
58.0 78.0 33.0 85.0 151.0 0.0 53.0 87.0 100.0 96.0 63.0 140.0 92.0 79.0 187.0 63.0 77.0 62.0 79.0 42.0
27.0 45.0 150.0 73.0 126.0 53.0 0.0 84.0 117.0 94.0 21.0 60.0 63.0 141.0 89.0 73.0 105.0 108.0 132.0 68.0
128.0 183.0 56.0 88.0 52.0 87.0 84.0 0.0 153.0 0.0 64.0 10.0 127.0 105.0 87.0 109.0 15.0 125.0 126.0 77.0
8.0 108.0 96.0 41.0 129.0 100.0 117.0 153.0 0.0 0.0 80.0 106.0 30.0 109.0 74.0 93.0 120.0 75.0 85.0 111.0
126.0 160.0 26.0 63.0 181.0 96.0 94.0 0.0 0.0 0.0 90.0 89.0 94.0 91.0 88.0 154.0 117.0 116.0 168.0 128.0
15.0 91.0 19.0 111.0 102.0 63.0 21.0 64.0 80.0 90.0 0.0 110.0 121.0 18.0 58.0 61.0 28.0 37.0 52.0 109.0
110.0 107.0 132.0 57.0 101.0 140.0 60.0 10.0 106.0 89.0 110.0 0.0 45.0 87.0 135.0 7.0 149.0 115.0 87.0 29.0
121.0 86.0 135.0 55.0 32.0 92.0 63.0 127.0 30.0 94.0 121.0 45.0 0.0 38.0 123.0 104.0 110.0 76.0 58.0 55.0
38.0 83.0 80.0 123.0 16.0 79.0 141.0 105.0 109.0 91.0 18.0 87.0 38.0 0.0 96.0 96.0 62.0 126.0 136.0 151.0
143.0 7.0 87.0 59.0 105.0 187.0 89.0 87.0 74.0 88.0 58.0 135.0 123.0 96.0 0.0 108.0 125.0 71.0 96.0 136.0
55.0 161.0 128.0 142.0 38.0 63.0 73.0 109.0 93.0 154.0 61.0 7.0 104.0 96.0 108.0 0.0 169.0 117.0 86.0 123.0
81.0 149.0 138.0 51.0 73.0 77.0 105.0 15.0 120.0 117.0 28.0 149.0 110.0 62.0 125.0 169.0 0.0 69.0 42.0 37.0
120.0 152.0 10.0 30.0 9.0 62.0 108.0 125.0 75.0 116.0 37.0 115.0 76.0 126.0 71.0 117.0 69.0 0.0 185.0 0.0
80.0 122.0 27.0 118.0 122.0 79.0 132.0 126.0 85.0 168.0 52.0 87.0 58.0 136.0 96.0 86.0 42.0 185.0 0.0 118.0
36.0 134.0 100.0 89.0 9.0 42.0 68.0 77.0 111.0 128.0 109.0 29.0 55.0 151.0 136.0 123.0 37.0 0.0 118.0 0.0
0.0 84.0 138.0 38.0 153.0 81.0 86.0 35.0 175.0 125.0 106.0 85.0 96.0 67.0 130.0 74.0 96.0 79.0 94.0 160.0
84.0 0.0 81.0 64.0 78.0 90.0 76.0 147.0 71.0 109.0 47.0 75.0 111.0 61.0 153.0 61.0 61.0 66.0 94.0 21.0
138.0 81.0 0.0 134.0 54.0 114.0 23.0 125.0 103.0 106.0 34.0 112.0 87.0 29.0 43.0 64.0 134.0 130.0 153.0 61.0
38.0 64.0 134.0 0.0 73.0 55.0 103.0 109.0 90.0 149.0 55.0 22.0 82.0 92.0 93.0 69.0 77.0 78.0 49.0 176.0
153.0 78.0 54.0 73.0 0.0 17.0 132.0 49.0 2.0 164.0 9.0 153.0 148.0 69.0 12.0 80.0 87.0 54.0 23.0 51.0
81.0 90.0 114.0 55.0 17.0 0.0 143.0 61.0 124.0 113.0 133.0 153.0 31.0 69.0 120.0 11.0 43.0 1.0 57.0 87.0
86.0 76.0 23.0 103.0 132.0 143.0 0.0 97.0 148.0 134.0 101.0 107.0 88.0 140.0 55.0 124.0 107.0 53.0 110.0 71.0
35.0 147.0 125.0 109.0 49.0 61.0 97.0 0.0 70.0 105.0 137.0 96.0 123.0 0.0 43.0 122.0 100.0 68.0 65.0 138.0
175.0 71.0 103.0 90.0 2.0 124.0 148.0 70.0 0.0 100.0 76.0 132.0 21.0 55.0 160.0 75.0 179.0 46.0 90.0 113.0
125.0 109.0 106.0 149.0 164.0 113.0 134.0 105.0 100.0 0.0 43.0 82.0 19.0 104.0 62.0 130.0 49.0 115.0 44.0 78.0
106.0 47.0 34.0 55.0 9.0 133.0 101.0 137.0 76.0 43.0 0.0 107.0 85.0 93.0 127.0 54.0 71.0 36.0 77.0 57.0
85.0 75.0 112.0 22.0 153.0 153.0 107.0 96.0 132.0 82.0 107.0 0.0 151.0 72.0 111.0 169.0 164.0 44.0 194.0 74.0
96.0 111.0 87.0 82.0 148.0 31.0 88.0 123.0 21.0 19.0 85.0 151.0 0.0 139.0 71.0 43.0 103.0 92.0 17.0 36.0
67.0 61.0 29.0 92.0 69.0 69.0 140.0 0.0 55.0 104.0 93.0 72.0 139.0 0.0 84.0 84.0 118.0 131.0 91.0 65.0
130.0 153.0 43.0 93.0 12.0 120.0 55.0 43.0 160.0 62.0 127.0 111.0 71.0 84.0 0.0 119.0 111.0 106.0 150.0 157.0
74.0 61.0 64.0 69.0 80.0 11.0 124.0 122.0 75.0 130.0 54.0 169.0 43.0 84.0 119.0 0.0 129.0 95.0 68.0 150.0
96.0 61.0 134.0 77.0 87.0 43.0 107.0 100.0 179.0 49.0 71.0 164.0 103.0 118.0 111.0 129.0 0.0 96.0 67.0 64.0
79.0 66.0 130.0 78.0 54.0 1.0 53.0 68.0 46.0 115.0 36.0 44.0 92.0 131.0 106.0 95.0 96.0 0.0 125.0 113.0
94.0 94.0 153.0 49.0 23.0 57.0 110.0 65.0 90.0 44.0 77.0 194.0 17.0 91.0 150.0 68.0 67.0 125.0 0.0 106.0
160.0 21.0 61.0 176.0 51.0 87.0 71.0 138.0 113.0 78.0 57.0 74.0 36.0 65.0 157.0 150.0 64.0 113.0 106.0 0.0
